"Site";"Date";"T...C. Mean";"T...C. Se";"Water..cm. Mean";"Water..cm. Se";"Salinity..g.L. Mean";"Salinity..g.L. Se";"pH Mean";"pH Se";"Cd..ppm. Mean";"Cd..ppm. Se";"Pb..ppm. Mean";"Pb..ppm. Se";"Fe..ppm. Mean";"Fe..ppm. Se";"Zn..ppm. Mean";"Zn..ppm. Se";"Cu..ppm. Mean";"Cu..ppm. Se";"P..mg.L. Mean";"P..mg.L. Se";"NO3...mg.L. Mean";"NO3...mg.L. Se"
1;128;25;0;28;0;31;0;9.66;0.0305505046330393;0.757733333333333;0.00182787064944736;1.621;0.00556776436282997;2.25233333333333;0.00835330939076116;0.175733333333333;0.000145296631451356;0.291033333333333;0.00533833099177803;4.68353333333333;0.0287504975802353;95.7575757566667;2.64175693506208
1;159;28.3333333333333;0.333333333333333;10;0;35;0;9.33333333333333;0.284800124843918;0.824666666666667;0.00817176711475418;1.55866666666667;0.181572146664747;0.215666666666667;0.00346858921048761;0.0832666666666667;0.00147685852779171;0.22;0.00403608721412212;4.78133333333333;0.0473667018531421;106.060606033333;1.51515153333333
1;189;29;0;11;0;40.1666666666667;0.166666666666667;8.25333333333333;0.0272845092395748;0.739;0.000577350269189626;1.35966666666667;0.00735602549690468;0.416333333333333;0.00952773728530429;0.0877333333333333;0.000218581284143399;0.295666666666667;0.00185592145427668;5.2192;0.0498278730564865;167.77572;2.02861460864306
1;220;38;0;8;0;51.8333333333333;0.166666666666667;8.16;0.00577350269189613;0.733666666666667;0.00120185042515466;1.281;0.0020816659994661;0.219333333333333;0.00290593262902712;0.0602;0.000152752523165195;0.276333333333333;0.000881917103688198;5.5454;0.0498278730564865;156.85628;2.37475345718246
1;251;28;0;7.5;0;52.84;0.211974841274462;7.3;0.0458257569495585;0.716666666666667;0.000666666666666667;1.22666666666667;0.0158569998563551;0.211333333333333;0.000333333333333334;0.0468;0.000152752523165195;0.259666666666667;0.000666666666666667;5.82810666666667;0.0661399045794427;136.493;1.95203531730345
1;294;23;0;8;0;51.1566666666667;0.528404306484261;8.10333333333333;0.00333333333333326;0.694666666666667;0.00284800124843918;1.13633333333333;0.00240370085030933;0.184666666666667;0.000881917103688198;0.0379333333333333;0.000120185042515468;0.248333333333333;0.00260341655863555;5.86072666666667;0.028768135922309;126.60648;0.921511904643663
1;312;12;0;10;0;47.5;1.3228756555323;8.53;0.0173205080756889;0.676333333333333;0.0110955446513955;0.986333333333333;0.00240370085030933;0.159;0.000577350269189626;0.0330666666666667;0.000120185042515468;0.223;0.00152752523165195;5.5454;0;123.9504;0
1;342;9;0;15;0;39.3966666666667;0.0887568463712959;9.06;0.0702376916856846;0.746666666666667;0.00233333333333334;0.939666666666667;0.00185592145427664;0.120666666666667;0.00664161961505709;0.0273666666666667;0.000240370085030932;0.190666666666667;0.00120185042515466;5.61064;0.0652399999999999;116.5724;1.66291674692391
1;35;9;0;25;0;28;0.602771377334171;8.29666666666667;0.0133333333333336;0.543333333333333;0.02185812841434;0.143;0.0240901086202062;0.113333333333333;0.0017638342073764;0.135666666666667;0.00202758751009941;0.378;0.00700000000000001;4.15106666666667;0.0434666666666669;85.1515151533333;0.400871409908353
1;67;11;0;35;0;28.1;0.264575131106459;8.15666666666667;0.0622718056408979;0.0878;0.00649409988630706;0.978133333333333;0.0102250237706869;0.796666666666667;0.0317979733805649;0.0857333333333333;0.0111548693901413;0.428666666666667;0.00617341972581738;5.04213333333333;0.0575009951604706;93.18181819;4.90263324813334
1;8;4;0;10;0;29.3166666666667;0.299239777510351;8.64333333333333;0.0333333333333338;0.716666666666667;0.0120185042515466;0.43;0.014422205101856;0.125333333333333;0.00145296631451356;0.363333333333333;0.00333333333333334;0.457;0.0231156512634477;4.77046666666667;0.0660993528292405;75.15151515;1.3208784660016
1;98;23;0;30;0;30.9833333333333;0.0554777232569778;8.57666666666667;0.0554777232569773;0.507133333333333;0.00541428152615327;1.04066666666667;0.00260341655863552;1.99666666666667;0.00088191710368817;0.152033333333333;0.00095277372853043;0.115633333333333;0.00378168099013007;4.90086666666667;0.0108666666666668;95;0.694329649263036
2;128;24;0;26;0;30.8233333333333;0.117803980313815;9.65;0.00577350269189613;0.680433333333333;0.0109243357285974;1.696;0.0402864741569673;2.19533333333333;0.00202758751009932;0.174533333333333;0.000617341972581735;0.127933333333333;0.000927960727138338;4.564;0;92.1212121233333;4.01729502443633
2;159;26.6666666666667;0.333333333333333;12;0;32.8833333333333;0.121700908423524;9.15333333333333;0.00333333333333326;0.718333333333333;0.00835330939076112;0.967333333333333;0.0138604152575279;0.2096;9.99999999999983e-05;0.0654333333333333;0.000437162568286799;0.234533333333333;0.000497772817435604;4.8574;0;96.8181818166667;0.946211820486645
2;189;30;0;9.5;0;42.2;0.220529665426976;8.20333333333333;0.0517472489875335;0.772;0.001;1.23466666666667;0.0139323763626709;0.3103;0.00575528742404178;0.073;0.000208166599946615;0.272666666666667;0.000881917103688198;5.44754;0.0326199999999999;145.78928;2.57279651243545
2;220;38;0;6.5;0;54.1033333333333;0.957258817898505;8.14666666666667;0.0218581284143399;0.722;0.00152752523165195;1.26733333333333;0.00218581284143402;0.140333333333333;0.0348632248141856;0.0577333333333333;0.00116093831781787;0.2657;0.00221885856541901;5.77374;0.0326199999999999;140.182;1.4756
2;251;28;0;5;0;54.0933333333333;0.216743576093452;7.22666666666667;0.0202758751009939;0.706;0.00321455025366432;1.19166666666667;0.00523874454850055;0.206333333333333;0.000881917103688198;0.0441666666666667;0.000533333333333332;0.248;0.0030550504633039;6.05644666666667;0.060540157838505;135.7552;2.9512
2;294;23;0;9.2;0;50;0;8.07;0.00999999999999979;0.672333333333333;0.00317979733805649;1.11133333333333;0.00895048105473168;0.173666666666667;0.000666666666666667;0.0363333333333333;0.000272845092395749;0.239666666666667;0.00463081466314993;6.05644666666667;0.0966443006309449;120.9992;1.4756
2;312;12;0;11.3;0;41.5333333333333;0.533333333333334;8.42333333333333;0.0240370085030933;0.655;0.00556776436283003;0.953666666666667;0.0228351580779386;0.141333333333333;0.000666666666666658;0.0314333333333333;0.000145296631451356;0.220666666666667;0.00120185042515466;5.5454;0;118.048;1.4756
2;342;10;0;13;0;39.0366666666667;0.125742240759067;9.04;0.0450924975282292;0.737666666666667;0.000881917103688198;0.841333333333333;0.002185812841434;0.115666666666667;0.000333333333333334;0.0241333333333333;0.00020275875100994;0.186;0.00115470053837925;5.36055333333333;0.0108733333333332;109.78464;0.511162834329726
2;35;9;0;40;0;28.2333333333333;0.202758751009941;9;0.0115470053837923;0.643333333333333;0.017638342073764;0.0314666666666667;0.00184601673280005;0.131333333333333;0.000333333333333334;0.1028;0.00200748598998847;0.399;0.00585946527708231;4.238;0.0188216187755818;82.5757575766667;0.15151515333333
2;67;11;0;30;0;28.8333333333333;0.0881917103688198;8.33666666666667;0.0976956725983524;0.0426666666666667;0.00145296631451356;0.9204;0.0116620467043025;0.356;0.0206639783197718;0.0653333333333333;0.00145296631451356;0.456;0;4.9226;0;99.9999999833333;2.9223183987532
2;8;3.5;0;20;0;28.4;0.0305505046330394;8.61;0.040414518843274;0.716666666666667;0.00333333333333334;0.437666666666667;0.0232546291687865;0.171666666666667;0.000881917103688189;0.343333333333333;0.0260341655863555;0.462;0.0130511813003013;4.57486666666667;0.0108666666666665;76.3636363666667;1.20261423224482
2;98;22;0;31;0;29.9533333333333;0.272355976210873;9.33666666666667;0.057831171909658;0.461633333333333;0.0069003220536758;0.924333333333333;0.004371625682868;1.907;0;0.148433333333333;0.00222585813663954;0.1002;0.000814452781524707;4.5966;0.0188216187755818;97.4242424233333;1.34669612480736
3;128;24;0;30;0;31.3333333333333;0.333333333333333;9.70666666666667;0.0504424865014053;0.687833333333333;0.00603581900914129;1.404;0.00854400374531752;2.151;0.00378593889720016;0.173933333333333;0.000233333333333339;0.137066666666667;0.00103976493069881;4.52053333333333;0.0108666666666665;85;2.83863545185224
3;159;26.6666666666667;0.333333333333333;13;0;34.9333333333333;0.0666666666666676;9.16333333333333;0.00333333333333326;0.741;0.0115470053837925;0.968;0.0174737898961082;0.170133333333333;0.00407117236732179;0.0612666666666667;8.819171036882e-05;0.237866666666667;6.66666666666593e-05;4.70526666666667;0.0712574986307484;96.9696969666667;1.51515151666667
3;189;30.1;0.1;10;0;40.8466666666667;0.306013797800761;8.22666666666667;0.00666666666666652;0.759;0.00709459888459759;1.312;0.00550757054728613;0.318666666666667;0.0103976493069882;0.0764333333333333;0.000536449231314368;0.268666666666667;0.00202758751009941;5.43666666666667;0.0473957611794323;144.75636;2.27165732521435
3;220;39;0;7;0;50.9;0.0999999999999991;8.09666666666667;0.013333333333333;0.730666666666667;0.00592546294487706;1.259;0.004;0.213666666666667;0.0017638342073764;0.0589333333333333;6.66666666666663e-05;0.253;0.00251661147842359;5.76286666666667;0.0473957611794323;144.31368;0.921511904643666
3;251;28;0;3.5;0;56.7933333333333;1.70023854535507;7.17333333333333;0.0145296631451355;0.71;0.00208166599946613;1.17866666666667;0.00120185042515467;0.201666666666667;0.000666666666666667;0.0411;0.000115470053837926;0.240666666666667;0.00185592145427668;5.96946;0.0652399999999999;163.93916;1.15248044217678
3;294;22.5;0;5.5;0;50.5;0.254230866208911;8.01333333333333;0.00881917103688178;0.638;0.00929157324317758;1.1;0.00435889894354071;0.172333333333333;0.000881917103688191;0.0345666666666667;0.000317979733805648;0.236666666666667;0.0032829526005987;6.12168666666667;0.0761133333333334;119.5236;0
3;312;12;0;11;0;41.4666666666667;0.233333333333334;8.18666666666667;0.00881917103688178;0.588;0.00208166599946613;0.9734;0.00197315314492651;0.143666666666667;0.00145296631451356;0.0304;2e-04;0.214666666666667;0.00120185042515466;5.52365333333333;0.0217466666666667;115.68704;0.390407063460692
3;342;10.3333333333333;0.333333333333333;12.5;0;37.6933333333333;0.168951011966323;8.26333333333333;0.0470224532655531;0.720666666666667;0.00120185042515466;0.852;0.0109696551146029;0.100666666666667;0.00470224532655529;0.0219666666666667;0.000145296631451356;0.178666666666667;0.00202758751009941;5.5454;0;111.865236;1.637916
3;35;9;0;45;0;29.5666666666667;0.0666666666666664;8.45;0.0173205080756889;0.58;0.0115470053837925;0.0663333333333333;0.00114649223479466;0.106666666666667;0.000881917103688198;0.0513;0.000264575131106458;0.348;0.00115470053837925;3.98806666666667;0.0108666666666668;82.87878788;1.06060606
3;67;11;0;50;0;28.3333333333333;0.0881917103688198;8.88;0.0152752523165197;0.0563333333333333;0.00272845092395748;0.86;0.00251661147842359;0.231;0.0101488915650922;0.0611666666666667;0.000480740170061866;0.455666666666667;0.00676592771006147;4.81393333333333;0.0108666666666665;99.39393938;3.16372923168582
3;8;3.5;0;22;0;29.2833333333333;0.305632313591202;8.85333333333333;0.071724782637833;0.66;0.00577350269189626;0.428333333333333;0.00233333333333334;0.179333333333333;0.000881917103688198;0.393333333333333;0.00333333333333334;0.465666666666667;0.00375647588986154;4.12933333333333;0.0108666666666668;71.8181818166667;0.694329652536304
3;98;22.3;0;28;0;31.1833333333333;0.0990510530540242;9.42;0.00999999999999979;0.4315;0.00413561764834872;0.751;0.0115325625946708;1.96733333333333;0.00676592771006149;0.163966666666667;0.00219494368442058;0.0983666666666667;0.000993870101058371;4.3684;0.0188216187755818;84.84848485;1.18337116270577
4;128;23.5;0;23;0;32.6833333333333;0.316666666666668;9.72333333333333;0.0466666666666663;0.753866666666667;0.00166666666666667;1.23233333333333;0.000333333333333371;2.10333333333333;0.0156240555270106;0.168066666666667;0.00352625076312568;0.123233333333333;0.000437162568286801;4.42273333333333;0.0473667018531421;73.7878787866667;13.495059122237
4;159;26.6666666666667;0.333333333333333;10;0;35.3333333333333;0.333333333333333;9.19333333333333;0.00666666666666652;0.813333333333333;0.0335277662708256;1.02866666666667;0.0213723601358806;0.1887;0.00450148123769646;0.0576666666666667;0.000674124947205224;0.234533333333333;0.000497772817435604;4.58573333333333;0.0217333333333333;89.24242424;1.44536242713582
4;189;30.2;0.1;10;0;39.1866666666667;0.207391203070698;8.29666666666667;0.00881917103688234;0.752333333333333;0.00284800124843918;1.337;0.00754983443527074;0.333;0.0285365263010993;0.0714333333333333;0.00017638342073764;0.261;0.00513160143944689;5.69762666666667;0.028768135922309;132.804;0
4;220;39;0;6;0;54.74;0.141067359796659;7.75;0.0264575131106458;0.718;0.00152752523165195;1.24866666666667;0.00088191710368817;0.214666666666667;0.0047022453265553;0.0525333333333333;0.000202758751009941;0.239333333333333;0.010682280239308;6.02382666666667;0.028768135922309;133.83692;0.643199128108864
4;251;28.5;0;4;0;56.0366666666667;0.0491030662088552;7.3;0.0115470053837925;0.713333333333333;0.000333333333333334;1.169;0;0.202333333333333;0.00120185042515466;0.0421333333333333;0.000185592145427668;0.238333333333333;0.00133333333333333;5.98033333333333;0.0434933333333332;144.75636;1.32804
4;294;23;0;6.5;0;50.0933333333333;0.0328295260059867;7.97666666666667;0.0233333333333331;0.671666666666667;0.00643773597194266;1.097;0;0.178;0.000577350269189626;0.0303;0.000100000000000001;0.234666666666667;0.00166666666666666;5.93684;0.0376663315619313;118.34312;0.967615628646003
4;312;12.3;0;9.7;0;42.9666666666667;0.0333333333333338;8.23666666666667;0.00881917103688178;0.625666666666667;0.00517472489875335;0.932333333333333;0.0461892243325697;0.144333333333333;0.00260341655863555;0.0311;0.000115470053837925;0.208333333333333;0.00120185042515466;5.5454;0;114.65412;0.255581417164865
4;342;11;0;13;0;38.3533333333333;0.0517472489875326;8.79333333333333;0.125742240759067;0.735;0.00152752523165195;0.8637;0.00182300118851671;0.110333333333333;0.00120185042515466;0.0213666666666667;6.66666666666663e-05;0.161666666666667;0.00352766841475279;5.51278;0.0188331657809656;108.60416;1.28639825621772
4;35;9;0;50;0;31.0666666666667;0.240370085030932;8.35666666666667;0.0284800124843918;0.576666666666667;0.00881917103688194;0.0614;0.00141067359796659;0.0521666666666667;0.000440958551844099;0.0507333333333333;8.819171036882e-05;0.334;0.003;4.32493333333333;0.0108666666666665;83.3333333333333;0.400871409908353
4;67;11;0;45;0;29.1666666666667;0.504424865014052;8.63;0.0416333199893223;0.032;0.002;0.8606;0.0158774473179203;0.577333333333333;0.0407117236732178;0.0619666666666667;0.000260341655863555;0.433;0.0045092497528229;4.78133333333333;0.0108666666666668;96.6666666666667;1.68720132166151
4;8;3.5;0;25;0;31.13;0.325934553757857;9.08;0.291433239925259;0.626666666666667;0.017638342073764;0.307666666666667;0.0125476868164792;0.0982333333333333;0.00062271805640898;0.4;0;0.454;0.00608276253029822;4.03153333333333;0.0217333333333333;68.78787879;0.400871412428118
4;98;22.5;0;31;0;29.8366666666667;0.199360087390742;9.63;0.0173205080756889;0.4603;0.00431431724996359;0.918;0.0398873413503583;1.51366666666667;0.0116809436452902;0.159266666666667;0.000145296631451356;0.0810666666666667;0.000272845092395752;4.35753333333333;0.0108666666666668;81.06060606;0.546295647881621
5;128;24;0;28;0;31.3333333333333;0.333333333333333;9.71;0.0503322295684718;0.583666666666667;0.0174902194891253;1.26666666666667;0.0328650439085529;2.008;0.00264575131106455;0.168966666666667;0.000145296631451357;0.117333333333333;0.000375647588986153;4.3358;0.0188216187755818;85.75757576;2.23195755570904
5;159;26.3333333333333;0.333333333333333;15;0;35;0;9.15666666666667;0.00333333333333326;0.728;0.0138684293751432;0.940666666666667;0.0324465372232196;0.135366666666667;0.0015059142664102;0.0477666666666667;0.00184149697559108;0.252866666666667;0.000333333333333334;4.54226666666667;0.0108666666666668;95.90909091;4.09090909
5;189;29.6666666666667;0.333333333333333;9;0;41.5533333333333;0.0240370085030931;8.33333333333333;0.0120185042515464;0.707;0.00754983443527076;1.44833333333333;0.00133333333333333;0.337;0.0409511904588865;0.0742666666666667;0.000669161996662825;0.268133333333333;0.006186634338996;5.67588;0.0326199999999999;137.67348;2.94750869148845
5;220;39;0;6.3;0;51.63;0.196723155729061;7.82333333333333;0.156240555270106;0.718666666666667;0.00120185042515466;1.65233333333333;0.00088191710368817;0.196666666666667;0.00545690184791497;0.0570666666666667;0.000260341655863557;0.246;0.00458257569495584;5.98033333333333;0.0108733333333335;135.7552;1.4756
5;251;28.5;0;3;0;57.2066666666667;0.46698798461821;7.18;0.0100000000000001;0.706333333333333;0.0017638342073764;1.16533333333333;0.00384418753155697;0.190333333333333;0.00317979733805649;0.0437666666666667;0.000120185042515465;0.227666666666667;0.00166666666666667;6.0347;0.0326199999999999;134.2796;1.4756
5;294;23;0;6;0;50.0333333333333;0.0333333333333338;8.03;0.00999999999999979;0.648333333333333;0.0074236858171067;1.09;0.00152752523165192;0.173;0.000577350269189626;0.0305333333333333;0.000145296631451356;0.228666666666667;0.00145296631451356;6.06732;0.0863044077669271;118.63824;0.511162834329726
5;312;12;0;10;0;41.2666666666667;0.635959467611297;8.28666666666667;0.00881917103688223;0.657666666666667;0.014379769740082;0.972333333333333;0.00491030662088542;0.142333333333333;0.000333333333333334;0.0318333333333333;8.819171036882e-05;0.216333333333333;0.00260341655863555;5.5454;0;118.49068;1.03292
5;342;11;0;13;0;37.69;0.0953939201416945;8.87333333333333;0.0523874454850058;0.742666666666667;0.00145296631451356;0.837;0.001;0.1101;0;0.0221;0.000115470053837925;0.176333333333333;0.00233333333333334;5.25182;0.179656951252473;104.91516;1.55464106777095
5;35;9;0;65;0;30.7666666666667;0.0881917103688189;8.46666666666667;0.0417665469538058;0.563333333333333;0.0120185042515466;0.0518;0.000264575131106458;0.127;0.00173205080756888;0.0481;0.000264575131106458;0.340666666666667;0.00437162568286799;4.238;0;84.6969696966667;0.921630685686464
5;67;11;0;60;0;29.4333333333333;0.2185812841434;8.79666666666667;0.0448454134902453;0.0121;0.00164620776331543;0.787;0.0161063134619109;0.0963333333333333;0.00296273147243853;0.0529666666666667;0.000935117342607036;0.406333333333333;0.00520683311727109;4.6618;0.0564648563267453;100.151515133333;2.78144843469328
5;8;3.5;0;15;0;31.65;0.200748598998849;8.82333333333333;0.253924748257782;0.636666666666667;0.0133333333333333;0.241333333333333;0.0144029318003122;0.161;0.00115470053837925;0.41;0.00999999999999999;0.446;0.0199248588451713;4.22713333333333;0.0287504975802354;68.93939394;0.546295647881621
5;98;22.5;0;32;0;31.12;0.0305505046330391;9.55333333333333;0.0606446846622011;0.456033333333333;0.000783865067753651;0.821666666666667;0.000666666666666667;1.59233333333333;0.0291680952031115;0.167366666666667;0.000328295260059876;0.0820333333333333;0.000328295260059871;4.11846666666667;0.0108666666666668;97.2727272866667;4.29619603838971
6;128;24.5;0;27;0;29.92;0.0799999999999995;9.59;0.0493288286231624;0.532133333333333;0.00331930380920122;0.92;0.0429224106188519;1.964;0.00642910050732864;0.161;0.000200000000000006;0.1115;0.000450924975282289;4.3358;0.0977999999999997;85.6060606066667;1.70748904122261
6;159;27;0;12;0;30.7966666666667;0.19341952101872;9.10666666666667;0.00333333333333326;0.701666666666667;0.00982061324177083;0.912333333333333;0.0125476868164792;0.103833333333333;0.00526698311285608;0.0372866666666667;0.000318346422069487;0.2511;0.000435889894354068;4.67266666666667;0.0965850460014962;93.9393939366667;0.921630685960458
6;189;29;0;11.5;0;37.95;0.175023807904333;8.34666666666667;0.0120185042515464;0.728;0.00288675134594813;1.298;0.00907377172587751;0.234333333333333;0.00676592771006148;0.0655666666666667;0.000233333333333331;0.240333333333333;0.00266666666666667;5.28444;0;128.96744;1.2078306550175
6;220;38.5;0;8.5;0;50.1666666666667;0.027284509239574;7.97;0.0458257569495583;0.726333333333333;0.00233333333333334;1.199;0.00115470053837925;0.214;0.001;0.0518333333333333;0.000202758751009942;0.232666666666667;0.000333333333333334;5.59976666666667;0.0108733333333332;128.67232;0.295120000000007
6;251;28;0;6.2;0;54.5466666666667;0.742009284158748;7.24333333333333;0.0145296631451355;0.708;0;1.09466666666667;0.00120185042515465;0.202666666666667;0.00166666666666666;0.0510333333333333;0.0119842025646728;0.211666666666667;0.00536449231314369;5.79548666666667;0.0661399045794424;121.737;1.27790708582432
6;294;21;0;8.5;0;46.4333333333333;0.566666666666668;8.07666666666667;0.0145296631451353;0.619;0.00173205080756888;1.105;0.00611010092660779;0.169333333333333;0.000333333333333334;0.0278333333333333;0.000560753461375357;0.219666666666667;0.000666666666666667;5.8716;0;101.66884;0.147559999999999
6;312;11.5;0;10.8;0;40;0.0577350269189634;8.25;0.00999999999999979;0.606333333333333;0.00233333333333334;0.927333333333333;0.00185592145427668;0.139666666666667;0.000333333333333334;0.0252;0.000208166599946614;0.195;0.00115470053837925;5.29531333333333;0.0392043608685452;97.83228;0.442680000000001
6;342;11;0;13;0;34.8633333333333;0.448565615168074;8.81333333333333;0.061734197258174;0.721;0.00115470053837925;0.880333333333333;0.00272845092395749;0.106;0.00208166599946613;0.0205;0.000152752523165195;0.161;0.00873689494805411;5.2192;0.167392838954757;90.0116;1.4756
6;35;9;0;40;0;28.9;0.173205080756887;8.24333333333333;0.00666666666666652;0.503333333333333;0.0296273147243853;0.0545;0.000458257569495584;0.114;0.00115470053837925;0.0482;0.0015502687938978;0.315;0.0030550504633039;4.2054;0.018821618775582;87.2727272733333;1.83702358397262
6;67;11;0;40;0;28.0333333333333;0.0881917103688198;8.69333333333333;0.017638342073764;0.028;0.000577350269189626;0.7566;0.00495210392998101;0.116;0.006;0.046;0.00145716619962629;0.396333333333333;0.00348010216963685;4.6618;0.0188216187755818;95.3030303;0.151515149999999
6;8;3.5;0;20;0;29.2066666666667;0.0578311719096584;9.20666666666667;0.0933333333333337;0.573333333333333;0.0120185042515466;0.216333333333333;0.00545690184791497;0.163;0.00208166599946613;0.373333333333333;0.0145296631451356;0.419;0.00472581562625261;4.3032;0.0325999999999998;70.90909091;1.38865930289043
6;98;22;0;24;0;28.0933333333333;0.0470224532655525;9.63666666666667;0.0545690184791501;0.4241;0.00413561764834872;0.465333333333333;0.00425571511160123;1.57466666666667;0.00698410894658569;0.161933333333333;0.000145296631451357;0.07;0.000115470053837924;4.29233333333333;0.0217333333333333;90.4545454566667;0.454545453333334
7;128;24.5;0;29;0;31;0;9.69666666666667;0.042557151116012;0.593266666666667;0.000425571511160113;1.33766666666667;0.0188355455927822;1.98566666666667;0.0323796918522157;0.1677;5e-04;0.1039;0.00213775583264319;4.2706;0;83.1818181833333;0.262431940803172
7;159;27;0;13;0;34.6666666666667;0.333333333333333;9.16333333333333;0.00333333333333326;0.76;0.007371114795832;0.935333333333333;0.0064893074446439;0.1429;0.000709459888459765;0.0589333333333333;0.000392994204085054;0.230633333333333;6.66666666666593e-05;4.3684;0.0376432375511636;96.96969697;3.03030303
7;189;30.5;0;10.5;0;40.3566666666667;0.704185897173307;8.30333333333333;0.00333333333333326;0.782;0.00351188458428425;1.32966666666667;0.00088191710368817;0.316;0.0306648550189518;0.0713333333333333;0.00128365796759798;0.275333333333333;0.00233333333333334;5.40404666666667;0.0108733333333335;150.06852;0.442680000000005
7;220;39.4333333333333;0.0666666666666676;5.8;0;54.18;0.191398362932741;8.11333333333333;0.0133333333333336;0.713333333333333;0.00145296631451356;1.23166666666667;0.00375647588986152;0.238333333333333;0.00272845092395748;0.0531;4e-04;0.249666666666667;0.0017638342073764;5.73024666666667;0.0108733333333332;138.7064;1.4756
7;251;29;0;5;0;53.82;0.266895734947814;7.25666666666667;0.0120185042515467;0.715333333333333;0.00145296631451356;1.167;0.004;0.206;0.001;0.0450666666666667;0.000145296631451356;0.256;0.00680685928555405;5.95858666666667;0.0108733333333332;134.2796;1.4756
7;294;23.2;0;7;0;51.2766666666667;0.174769689718912;8.16666666666667;0.0202758751009936;0.664;0.00550757054728611;1.11666666666667;0.00841295297608264;0.175666666666667;0.00145296631451356;0.0334666666666667;0.000433333333333334;0.235333333333333;0.000881917103688191;6.23150733333333;0.0320901523904832;119.5236;0
7;312;13;0;11;0;41.7666666666667;0.233333333333334;8.29666666666667;0.00881917103688234;0.658666666666667;0.00120185042515466;0.986666666666667;0.00133333333333333;0.147333333333333;0.00133333333333333;0.0325;0.000152752523165195;0.223333333333333;0.00185592145427668;5.5454;0;111.55536;0.676204869547682
7;342;11.5;0;13.5;0;38.0433333333333;0.0296273147243857;8.79333333333333;0.0185592145427669;0.736666666666667;0.00133333333333333;0.825666666666667;0.00260341655863555;0.115;0.00115470053837925;0.0229;0.000152752523165195;0.168;0.00680685928555404;5.2192;0;106.981;2.66017573103733
7;35;9;0;35;0;28.4666666666667;0.120185042515466;8.34666666666667;0.00881917103688178;0.55;0.00577350269189626;0.0387;0.000493288286231625;0.123;0.00152752523165195;0.0375666666666667;0.00017638342073764;0.335;0.00208166599946613;4.08586666666667;0.0108666666666665;87.5757575733333;2.83053662019492
7;67;11;0;43;0;28.7666666666667;0.0881917103688189;9.15666666666667;0.0185592145427669;0.0203333333333333;0.000333333333333334;0.664733333333333;0.0231045690527028;0.177666666666667;0.00371184290855335;0.0420666666666667;0.00231828480658535;0.3975;0.000288675134594813;4.564;0.0188216187755818;104.848484833333;4.40176939723633
7;8;3.5;0;20;0;29.0066666666667;0.0581186525805431;9.02;0.157162336455017;0.616666666666667;0.0120185042515466;0.223;0.00871779788708135;0.139;0.000577350269189626;0.426666666666667;0.00666666666666667;0.402333333333333;0.0040551750201988;4.39013333333333;0.0473667018531418;72.87878788;0.151515149999999
7;98;23;0;32;0;31.15;0.096436507609929;9.54666666666667;0.0338296385503073;0.441766666666667;0.00178543489877895;0.897333333333333;0.000333333333333334;1.509;0.0385097390279394;0.165566666666667;0.000272845092395745;0.0815666666666667;0.000384418753155695;4.22713333333333;0.0108666666666668;88.6363636366667;0.45454545666667
